image: 201107k2.pgm
resolution: 0.025000
origin: [-14.232562, -14.838871, 0.000000]
negate: 0
occupied_thresh: 0.65
free_thresh: 0.196

