image: 201107c2.pgm
resolution: 0.050000
origin: [-11.469788, -12.320480, 0.000000]
negate: 0
occupied_thresh: 0.65
free_thresh: 0.196

